# name: debug
# type: sparse matrix
# nnz: 252
# rows: 42
# columns: 42

1 1 16426781.6
2 1 -186552.559
3 1 831777.538
4 1 -6041.69354
5 1 -1780704.27
6 1 -68759.2778
1 2 -186552.559
2 2 18621829.6
3 2 813906.971
4 2 1849340.06
5 2 6030.11336
6 2 139811.663
1 3 831777.538
2 3 813906.971
3 3 1893113.46
4 3 62442.8011
5 3 -124626.996
6 3 -7.20748261
1 4 -6041.69354
2 4 1849340.06
3 4 62442.8011
4 4 209673.352
5 4 -110680.563
6 4 -19055.9804
1 5 -1780704.27
2 5 6030.11336
3 5 -124626.996
4 5 -110680.563
5 5 435848.107
6 5 -59882.4637
1 6 -68759.2778
2 6 139811.663
3 6 -7.20748261
4 6 -19055.9804
5 6 -59882.4637
6 6 63206.0943
7 7 21754645.7
8 7 308189.731
9 7 -340346.468
10 7 1412.76282
11 7 -1530754.38
12 7 -94152.0931
7 8 308189.731
8 8 27357094.8
9 8 1649667.52
10 8 1673873.07
11 8 -1412.76282
12 8 6593.03527
7 9 -340346.468
8 9 1649667.52
9 9 3913834.64
10 9 75451.6869
11 9 -11691.046
12 9 -4.2938233e-09
7 10 1412.76282
8 10 1673873.07
9 10 75451.6869
10 10 149361.727
11 10 1089.98613
12 10 -3589.56487
7 11 -1530754.38
8 11 -1412.76282
9 11 -11691.046
10 11 1089.98613
11 11 164989.058
12 11 2349.54097
7 12 -94152.0931
8 12 6593.03527
9 12 -4.2938233e-09
10 12 -3589.56487
11 12 2349.54097
12 12 43280.2751
13 13 24344812.8
14 13 -569120.046
15 13 386463.733
16 13 -20314.7329
17 13 -1830276.27
18 13 -35883.8103
13 14 -569120.046
14 14 30291946.4
15 14 819364.913
16 14 2002519.32
17 14 20314.7329
18 14 81104.8453
13 15 386463.733
14 15 819364.913
15 15 4250449.72
16 15 21110.8059
17 15 -57122.036
18 15 -4.74664752e-12
13 16 -20314.7329
14 16 2002519.32
15 16 21110.8059
16 16 168027.713
17 16 -783.640327
18 16 4926.68274
13 17 -1830276.27
14 17 20314.7329
15 17 -57122.036
16 17 -783.640327
17 17 180589.189
18 17 -2160.89856
13 18 -35883.8103
14 18 81104.8453
15 18 -4.74664752e-12
16 18 4926.68274
17 18 -2160.89856
18 18 45079.6024
19 19 24936635.1
20 19 252658.058
21 19 -1275235.68
22 19 5434.15768
23 19 -1653642.13
24 19 12287.4101
19 20 252658.058
20 20 31126496.7
21 20 574040.353
22 20 1811091.29
23 20 -5434.15768
24 20 -124153.93
19 21 -1275235.68
20 21 574040.353
21 21 3885767.7
22 21 -10625.0528
23 21 102168.683
24 21 -8.14949219e-11
19 22 5434.15768
20 22 1811091.29
21 22 -10625.0528
22 22 152300.791
23 22 753.682771
24 22 -14987.7837
19 23 -1653642.13
20 23 -5434.15768
21 23 102168.683
22 23 753.682771
23 23 167420.482
24 23 -3349.42883
19 24 12287.4101
20 24 -124153.93
21 24 -8.14949219e-11
22 24 -14987.7837
23 24 -3349.42883
24 24 40538.3475
25 25 30222670.4
26 25 237296.798
27 25 -1794141.46
28 25 5001.02542
29 25 -2021844.09
30 25 22743.0221
25 26 237296.798
26 26 36022689.7
27 26 894855.895
28 26 2184604.52
29 26 -5001.02542
30 26 -292519.464
25 27 -1794141.46
26 27 894855.895
27 27 4323978.53
28 27 -20222.1096
29 27 227586.824
30 27 -1.07014397e-11
25 28 5001.02542
26 28 2184604.52
27 28 -20222.1096
28 28 166073.609
29 28 -787.617059
30 28 -22352.5433
25 29 -2021844.09
26 29 -5001.02542
27 29 227586.824
28 29 -787.617059
29 29 180414.63
30 29 -5892.64068
25 30 22743.0221
26 30 -292519.464
27 30 -1.07014397e-11
28 30 -22352.5433
29 30 -5892.64068
30 30 44514.9976
31 31 23191660.7
32 31 -301926.429
33 31 262076.11
34 31 -11404.4054
35 31 -1718478.09
36 31 8436.64866
31 32 -301926.429
32 32 27193409.8
33 32 743192.138
34 32 1837692.11
35 32 11404.4054
36 32 112268.296
31 33 262076.11
32 33 743192.138
33 33 3086843.34
34 33 -9658.82053
35 33 -93646.2686
36 33 -6.11256185e-12
31 34 -11404.4054
32 34 1837692.11
33 34 -9658.82053
34 34 186701.399
35 34 295.645213
36 34 10414.6862
31 35 -1718478.09
32 35 11404.4054
33 35 -93646.2686
34 35 295.645213
35 35 202391.931
36 35 -5591.2783
31 36 8436.64866
32 36 112268.296
33 36 -6.11256185e-12
34 36 10414.6862
35 36 -5591.2783
36 36 43938.4582
37 37 14833436.9
38 37 10964.9884
39 37 -1141043.62
40 37 -204.490852
41 37 -957732.453
42 37 -25000.9092
37 38 10964.9884
38 38 17935993.3
39 38 507982.571
40 38 1039426.38
41 38 204.490852
42 38 -176479.255
37 39 -1141043.62
38 39 507982.571
39 39 1979402.49
40 39 22122.7586
41 39 152807.484
42 39 -5.09636734e-12
37 40 -204.490852
38 40 1039426.38
39 40 22122.7586
40 40 96016.4706
41 40 297.661968
42 40 -23473.5261
37 41 -957732.453
38 41 204.490852
39 41 152807.484
40 41 297.661968
41 41 110935.832
42 41 1394.29568
37 42 -25000.9092
38 42 -176479.255
39 42 -5.09636734e-12
40 42 -23473.5261
41 42 1394.29568
42 42 33690.018
