# name: debug
# type: sparse matrix
# nnz: 1080
# rows: 48
# columns: 48

1 1 1970135.82
2 1 76692.2603
3 1 234902.691
4 1 88192.9383
5 1 -1361412.94
6 1 -224829.638
7 1 -1271914.96
8 1 -29010.2538
9 1 -290724.053
10 1 -83338.4943
11 1 1154505.22
12 1 213718.127
13 1 -165907.324
14 1 -21214.6306
15 1 36956.1472
16 1 -302.413239
17 1 5574.72134
18 1 1928.43324
1 2 76692.2603
2 2 3450737.5
3 2 589330.071
4 2 2728146.68
5 2 -172178.726
6 2 894396.954
7 2 -79868.1737
8 2 -2723510.12
9 2 -546872.156
10 2 -2532018.16
11 2 238404.083
12 2 -874446.963
13 2 -24511.2296
14 2 -163967.929
15 2 -44227.2649
16 2 -5518.10473
17 2 406.332352
18 2 1538.35884
1 3 234902.691
2 3 589330.071
3 3 357188.441
4 3 466634.111
5 3 -390732.612
6 3 83985.7874
7 3 -286519.69
8 3 -427046.621
9 3 -285965.075
10 3 -417386.799
11 3 382660.585
12 3 -71136.7406
13 3 37670.7331
14 3 -39683.0422
15 3 -24871.3956
16 3 -1535.8749
17 3 -1290.26727
18 3 -41.5796603
1 4 88192.9383
2 4 2728146.68
3 4 466634.111
4 4 2744300.76
5 4 -246445.568
6 4 889111.43
7 4 -117404.812
8 4 -2519078.87
9 4 -522126.917
10 4 -2583834.54
11 4 310345.485
12 4 -885407.198
13 4 -438.880019
14 4 -5470.08143
15 4 -1664.26211
16 4 -194.596731
17 4 1.78659132
18 4 45.7436461
1 5 -1361412.94
2 5 -172178.726
3 5 -390732.612
4 5 -246445.568
5 5 1436400.1
6 5 144277.389
7 5 1160811.67
8 5 151418.371
9 5 387640.511
10 5 237139.796
11 5 -1267391.52
12 5 -148678.283
13 5 5627.83463
14 5 331.478566
15 5 -1281.9852
16 5 -1.99802208
17 5 -193.750448
18 5 -65.0406803
1 6 -224829.638
2 6 894396.954
3 6 83985.7874
4 6 889111.43
5 6 144277.389
6 6 497882.771
7 6 161803.323
8 6 -868337.183
9 6 -117763.027
10 6 -882441.299
11 6 -73034.3126
12 6 -485654.111
13 6 1802.78807
14 6 1522.95556
15 6 44.7239458
16 6 45.7202525
17 6 -59.6774924
18 6 -33.3683301
1 7 -1271914.96
2 7 -79868.1737
3 7 -286519.69
4 7 -117404.812
5 7 1160811.67
6 7 161803.323
7 7 2863052.38
8 7 246508.623
9 7 -25990.3035
10 7 135047.062
11 7 -1480568.03
12 7 -318368.605
13 7 -1563482.26
14 7 -187216.675
15 7 316443.863
16 7 -28660.259
17 7 325238.261
18 7 109529.411
1 8 -29010.2538
2 8 -2723510.12
3 8 -427046.621
4 8 -2519078.87
5 8 151418.371
6 8 -868337.183
7 8 246508.623
8 8 4505771.13
9 8 938224.92
10 8 2925498.75
11 8 -239725.542
12 8 668154.278
13 8 -191861.338
14 8 -1775411.47
15 8 -387215.364
16 8 -411315.925
17 8 30255.0513
18 8 204992.849
1 9 -290724.053
2 9 -546872.156
3 9 -285965.075
4 9 -522126.917
5 9 387640.511
6 9 -117763.027
7 9 -25990.3035
8 9 938224.92
9 9 637675.499
10 9 598636.512
11 9 -264673.401
12 9 104678.48
13 9 315085.443
14 9 -399547.438
15 9 -322879.844
16 9 -80318.9361
17 9 -132455.136
18 9 969.677069
1 10 -83338.4943
2 10 -2532018.16
3 10 -417386.799
4 10 -2583834.54
5 10 237139.796
6 10 -882441.299
7 10 135047.062
8 10 2925498.75
9 10 598636.512
10 10 2743545.62
11 10 -297535.198
12 10 793346.243
13 10 -29249.9185
14 10 -411242.513
15 10 -77755.8965
16 10 -166512.13
17 10 358.454723
18 10 91239.616
1 11 1154505.22
2 11 238404.083
3 11 382660.585
4 11 310345.485
5 11 -1267391.52
6 11 -73034.3126
7 11 -1480568.03
8 11 -239725.542
9 11 -264673.401
10 11 -297535.198
11 11 1433141.94
12 11 162246.851
13 11 324089.989
14 11 27645.4282
15 11 -132468.418
16 11 -451.428442
17 11 -166663.137
18 11 -39716.7179
1 12 213718.127
2 12 -874446.963
3 12 -71136.7406
4 12 -885407.198
5 12 -148678.283
6 12 -485654.111
7 12 -318368.605
8 12 668154.278
9 12 104678.48
10 12 793346.243
11 12 162246.851
12 12 576885.713
13 12 111370.922
14 12 204631.213
15 12 -956.131161
16 12 91152.235
17 12 -41195.804
18 12 -81123.7518
1 13 -165907.324
2 13 -24511.2296
3 13 37670.7331
4 13 -438.880019
5 13 5627.83463
6 13 1802.78807
7 13 -1563482.26
8 13 -191861.338
9 13 315085.443
10 13 -29249.9185
11 13 324089.989
12 13 111370.922
13 13 4166738.55
14 13 304293.505
15 13 -550993.986
16 13 77239.7325
17 13 -2425969.35
18 13 -665924.54
19 13 -2410695.4
20 13 -91097.1789
21 13 195185.569
22 13 -47674.5509
23 13 2094306.82
24 13 553655.784
1 14 -21214.6306
2 14 -163967.929
3 14 -39683.0422
4 14 -5470.08143
5 14 331.478566
6 14 1522.95556
7 14 -187216.675
8 14 -1775411.47
9 14 -399547.438
10 14 -411242.513
11 14 27645.4282
12 14 204631.213
13 14 304293.505
14 14 4326425.99
15 14 982232.653
16 14 2521760.49
17 14 -76568.2388
18 14 -520795.447
19 14 -91362.4005
20 14 -2361927.92
21 14 -541286.723
22 14 -2103740.64
23 14 47023.5607
24 14 315625.996
1 15 36956.1472
2 15 -44227.2649
3 15 -24871.3956
4 15 -1664.26211
5 15 -1281.9852
6 15 44.7239458
7 15 316443.863
8 15 -387215.364
9 15 -322879.844
10 15 -77755.8965
11 15 -132468.418
12 15 -956.131161
13 15 -550993.986
14 15 982232.653
15 15 621372.708
16 15 576931.553
17 15 385983.739
18 15 -671.490834
19 15 193764.881
20 15 -541454.237
21 15 -271277.454
22 15 -496909.155
23 15 -252228.565
24 15 1156.34619
1 16 -302.413239
2 16 -5518.10473
3 16 -1535.8749
4 16 -194.596731
5 16 -1.99802208
6 16 45.7202525
7 16 -28660.259
8 16 -411315.925
9 16 -80318.9361
10 16 -166512.13
11 16 -451.428442
12 16 91152.235
13 16 77239.7325
14 16 2521760.49
15 16 576931.553
16 16 2239752.65
17 16 7273.46462
18 16 -395054.479
19 16 -48146.9664
20 16 -2106132.56
21 16 -497164.553
22 16 -2072676.33
23 16 -7511.83202
24 16 304853.292
1 17 5574.72134
2 17 406.332352
3 17 -1290.26727
4 17 1.78659132
5 17 -193.750448
6 17 -59.6774924
7 17 325238.261
8 17 30255.0513
9 17 -132455.136
10 17 358.454723
11 17 -166663.137
12 17 -41195.804
13 17 -2425969.35
14 17 -76568.2388
15 17 385983.739
16 17 7273.46462
17 17 2227958.14
18 17 556369.071
19 17 2096486.54
20 17 47092.1805
21 17 -253529.075
22 17 -7684.52529
23 17 -2060525.98
24 17 -515605.629
1 18 1928.43324
2 18 1538.35884
3 18 -41.5796603
4 18 45.7436461
5 18 -65.0406803
6 18 -33.3683301
7 18 109529.411
8 18 204992.849
9 18 969.677069
10 18 91239.616
11 18 -39716.7179
12 18 -81123.7518
13 18 -665924.54
14 18 -520795.447
15 18 -671.490834
16 18 -395054.479
17 18 556369.071
18 18 368420.483
19 18 554545.771
20 18 315023.28
21 18 548.869338
22 18 303823.58
23 18 -515961.142
24 18 -287261.561
13 19 -2410695.4
14 19 -91362.4005
15 19 193764.881
16 19 -48146.9664
17 19 2096486.54
18 19 554545.771
19 19 2648180.35
20 19 121578.766
21 19 -258375.802
22 19 34695.4276
23 19 -1948000.25
24 19 -523096.863
25 19 -217300.258
26 19 -32071.7252
27 19 69757.2205
28 19 12281.1084
29 19 -150186.683
30 19 -31486.2203
13 20 -91097.1789
14 20 -2361927.92
15 20 -541454.237
16 20 -2106132.56
17 20 47092.1805
18 20 315023.28
19 20 121578.766
20 20 2524668.34
21 20 568531.78
22 20 2118541.96
23 20 -17671.2522
24 20 -308202.758
25 20 -34242.6514
26 20 -113878.062
27 20 -12000.6683
28 20 -11071.9813
29 20 -29329.6728
30 20 -7881.57881
13 21 195185.569
14 21 -541286.723
15 21 -271277.454
16 21 -497164.553
17 21 -253529.075
18 21 548.869338
19 21 -258375.802
20 21 568531.78
21 21 299824.575
22 21 507943.595
23 21 178107.021
24 21 -17024.1754
25 21 69450.5253
26 21 -12295.9669
27 21 -30162.6593
28 21 -9941.81004
29 21 75597.2306
30 21 16196.2095
13 22 -47674.5509
14 22 -2103740.64
15 22 -496909.155
16 22 -2072676.33
17 22 -7684.52529
18 22 303823.58
19 22 34695.4276
20 22 2118541.96
21 22 507943.595
22 22 2141190.15
23 22 -37088.2884
24 22 -342169.165
25 22 22782.4198
26 22 4918.54677
27 22 -12069.5908
28 22 -67899.1
29 22 45206.4545
30 22 37518.2027
13 23 2094306.82
14 23 47023.5607
15 23 -252228.565
16 23 -7511.83202
17 23 -2060525.98
18 23 -515961.142
19 23 -1948000.25
20 23 -17671.2522
21 23 178107.021
22 23 -37088.2884
23 23 2637958.31
24 23 638397.08
25 23 -261488.821
26 23 -46769.326
27 23 124391.718
28 23 41048.8575
29 23 -577239.127
30 23 -122915.042
13 24 553655.784
14 24 315625.996
15 24 1156.34619
16 24 304853.292
17 24 -515605.629
18 24 -287261.561
19 24 -523096.863
20 24 -308202.758
21 24 -17024.1754
22 24 -342169.165
23 24 638397.08
24 24 325900.133
25 24 -55665.0317
26 24 -17862.0779
27 24 25646.6159
28 24 36629.9807
29 24 -122966.359
30 24 -38731.3004
19 25 -217300.258
20 25 -34242.6514
21 25 69450.5253
22 25 22782.4198
