# name: debug
# type: sparse matrix
# nnz: 792
# rows: 48
# columns: 48

1 1 9799438
2 1 -5916635.41
3 1 -3917504.82
4 1 -1905192.41
5 1 -3165159.65
6 1 -122110.966
7 1 -271811.452
8 1 539000.878
9 1 120666.739
10 1 116185.289
11 1 53210.6731
12 1 24032.2454
1 2 -5916635.41
2 2 4534350.32
3 2 2435378.01
4 2 1330334.24
5 2 1853487.7
6 2 123164.891
7 2 691910.324
8 2 -1479366.09
9 2 -335773.315
10 2 -319136.084
11 2 -134957.382
12 2 -63025.1886
1 3 -3917504.82
2 3 2435378.01
3 3 1576215.22
4 3 775787.604
5 3 1262666.29
6 3 51704.7131
7 3 134198.859
8 3 -292629.914
9 3 -66644.4773
10 3 -63139.8091
11 3 -26149.3409
12 3 -12322.2658
1 4 -1905192.41
2 4 1330334.24
3 4 775787.604
4 4 404422.312
5 4 604971.986
6 4 32773.6252
7 4 148759.264
8 4 -318349.58
9 4 -72267.6008
10 4 -68676.5486
11 4 -29014.2251
12 4 -13555.2645
1 5 -3165159.65
2 5 1853487.7
3 5 1262666.29
4 5 604971.986
5 5 1026289.78
6 5 36221.9762
7 5 52043.1909
8 5 -102465.791
9 5 -22907.6961
10 5 -22085.4902
11 5 -10191.5211
12 5 -4588.72483
1 6 -122110.966
2 6 123164.891
3 6 51704.7131
4 6 32773.6252
5 6 36221.9762
6 6 4410.00894
7 6 32975.3206
8 6 -68367.1962
9 6 -15432.6764
10 6 -14743.9123
11 6 -6441.67047
12 6 -2966.84026
1 7 -271811.452
2 7 691910.324
3 7 134198.859
4 7 148759.264
5 7 52043.1909
6 7 32975.3206
7 7 342340.346
8 7 -669647.444
9 7 -147293.841
10 7 -144256.562
11 7 -65523.4275
12 7 -29660.3347
1 8 539000.878
2 8 -1479366.09
3 8 -292629.914
4 8 -318349.58
5 8 -102465.791
6 8 -68367.1962
7 8 -669647.444
8 8 1444579.11
9 8 327379.722
10 8 309869.926
11 8 130495.229
12 8 61131.4563
1 9 120666.739
2 9 -335773.315
3 9 -66644.4773
4 9 -72267.6008
5 9 -22907.6961
6 9 -15432.6764
7 9 -147293.841
8 9 327379.722
9 9 75464.9421
10 9 70355.8016
11 9 29157.9098
12 9 13760.1175
1 10 116185.289
2 10 -319136.084
3 10 -63139.8091
4 10 -68676.5486
5 10 -22085.4902
6 10 -14743.9123
7 10 -144256.562
8 10 309869.926
9 10 70355.8016
10 10 66765.7678
11 10 28127.9949
12 10 13169.23
1 11 53210.6731
2 11 -134957.382
3 11 -26149.3409
4 11 -29014.2251
5 11 -10191.5211
6 11 -6441.67047
7 11 -65523.4275
8 11 130495.229
9 11 29157.9098
10 11 28127.9949
11 11 12741.6152
12 11 5783.82444
1 12 24032.2454
2 12 -63025.1886
3 12 -12322.2658
4 12 -13555.2645
5 12 -4588.72483
6 12 -2966.84026
7 12 -29660.3347
8 12 61131.4563
9 12 13760.1175
10 12 13169.23
11 12 5783.82444
12 12 2659.79865
13 13 18072097.2
14 13 -1093974.31
15 13 5482798.53
16 13 -18656.9887
17 13 -729510.665
18 13 -70741.5039
19 13 -18132914.3
20 13 1002911.7
21 13 -4932273.08
22 13 17222.5015
23 13 729431.457
24 13 70203.3111
13 14 -1093974.31
14 14 21150730.9
15 14 1663510.59
16 14 781404.409
17 14 18752.4606
18 14 234703.465
19 14 1140647.46
20 14 -21036509.8
21 14 -1686653.64
22 14 -787614.291
23 14 -22491.0844
24 14 -211902.895
13 15 5482798.53
14 15 1663510.59
15 15 1901305.44
16 15 64011.2198
17 15 -215104.29
18 15 -95.4719112
19 15 -5499364.88
20 15 -1681311.06
21 15 -1733511.25
22 15 -64988.7483
23 15 214742.867
24 15 1963.14289
13 16 -18656.9887
14 16 781404.409
15 16 64011.2198
16 16 33821.4492
17 16 -28.0050015
18 16 9840.57911
19 16 20406.9317
20 16 -776767.866
21 16 -64207.7222
22 16 -34086.6858
23 16 -133.990236
24 16 -8853.45313
13 17 -729510.665
14 17 18752.4606
15 17 -215104.29
16 17 -28.0050015
17 17 34076.7993
18 17 2932.3597
19 17 731224.424
20 17 -15181.413
21 17 192748.546
22 17 105.384466
23 17 -34070.124
24 17 -2934.50455
13 18 -70741.5039
14 18 234703.465
15 18 -95.4719112
16 18 9840.57911
17 18 2932.3597
18 18 3168.95542
19 18 71426.1519
20 18 -233026.684
21 18 -1957.62144
22 18 -9912.68933
23 18 -2978.96317
24 18 -2881.09165
13 19 -18132914.3
14 19 1140647.46
15 19 -5499364.88
16 19 20406.9317
17 19 731224.424
18 19 71426.1519
19 19 68393153.7
20 19 -2930040.23
21 19 17812632.5
22 19 -48565.3305
23 19 -3583783.84
24 19 -300402.908
25 19 -37632079
26 19 2081435.73
27 19 -8584221.93
28 19 90629.6815
29 19 2109253.3
30 19 193037.775
31 19 -12357565.7
32 19 -103648.021
33 19 -2145722.24
34 19 -48058.7433
35 19 741884.93
36 19 44346.7404
13 20 1002911.7
14 20 -21036509.8
15 20 -1681311.06
16 20 -776767.866
17 20 -15181.413
18 20 -233026.684
19 20 -2930040.23
20 20 77126461.9
21 20 5403607.87
22 20 3655357.78
23 20 48427.3114
24 20 845280.473
25 20 1870400.44
26 20 -41850946.2
27 20 -2983779.12
28 20 -2092063.98
29 20 -81790.4758
30 20 -377245.451
31 20 -223838.251
32 20 -13637329.9
33 20 -859716.564
34 20 -803289.185
35 20 57950.9088
36 20 -138687.534
13 21 -4932273.08
14 21 -1686653.64
15 21 -1733511.25
16 21 -64207.7222
17 21 192748.546
18 21 -1957.62144
19 21 17812632.5
20 21 5403607.87
21 21 5749391.46
22 21 277228.623
23 21 -780016.367
24 21 138.019
25 21 -9934261.2
26 21 -2795974.57
27 21 -3012308.71
28 21 -158827.859
29 21 419838.441
30 21 7379.92798
31 21 -2942260.14
32 21 -828595.16
33 21 -624864.793
34 21 -52164.6742
35 21 167835.739
36 21 2656.22624
13 22 17222.5015
14 22 -787614.291
15 22 -64988.7483
16 22 -34086.6858
17 22 105.384466
18 22 -9912.68933
19 22 -48565.3305
20 22 3655357.78
21 22 277228.623
22 22 255064.385
23 22 -1669.88971
24 22 48841.6737
25 22 75042.5226
26 22 -2048294.54
27 22 -165146.315
28 22 -169365.947
29 22 -6019.35923
30 22 -22477.5961
31 22 -56756.8213
32 22 -773037.521
33 22 -49746.0232
34 22 -52787.3113
35 22 8153.3198
36 22 -8434.46595
13 23 729431.457
14 23 -22491.0844
15 23 214742.867
16 23 -133.990236
17 23 -34070.124
18 23 -2978.96317
19 23 -3583783.84
20 23 48427.3114
21 23 -780016.367
22 23 -1669.88971
23 23 267203.549
24 23 20191.5287
25 23 2091088.29
26 23 -84703.02
27 23 343910.143
28 23 -6602.98735
29 23 -182557.245
30 23 -15834.7969
31 23 732049.789
32 23 48598.2661
33 23 119292.334
34 23 7357.96359
35 23 -50498.8073
36 23 -2254.69791
13 24 70203.3111
14 24 -211902.895
15 24 1963.14289
16 24 -8853.45313
17 24 -2934.50455
18 24 -2881.09165
19 24 -300402.908
20 24 845280.473
21 24 138.019
22 24 48841.6737
23 24 20191.5287
24 24 13146.6383
25 24 187196.587
26 24 -442565.705
27 24 -6456.5688
28 24 -28536.6969
29 24 -15548.1173
30 24 -6583.12617
31 24 37737.3385
32 24 -182840.293
33 24 -3770.21021
34 24 -11800.2638
35 24 -1579.44939
36 24 -2324.36742
19 25 -37632079
20 25 1870400.44
21 25 -9934261.2
22 25 75042.5226
23 25 2091088.29
24 25 187196.587
25 25 86479385.5
26 25 -2782493.35
27 25 19029643.9
28 25 -76389.4514
29 25 -4861621.94
30 25 -311812.533
31 25 -48592530.4
32 25 863827.394
33 25 -8881877.78
34 25 -3845.85588
35 25 2770139.15
36 25 122669.874
19 26 2081435.73
20 26 -41850946.2
21 26 -2795974.57
22 26 -2048294.54
23 26 -84703.02
24 26 -442565.705
25 26 -2782493.35
26 26 94457227.2
27 26 5386782.93
28 26 4929715.67
29 26 76034.9226
30 26 937233.358
31 26 791103.725
32 26 -52340591.3
33 26 -2469092.06
34 26 -2881970.56
35 26 5551.35644
36 26 -479387.203
19 27 -8584221.93
20 27 -2983779.12
21 27 -3012308.71
22 27 -165146.315
23 27 343910.143
24 27 -6456.5688
25 27 19029643.9
26 27 5386782.93
27 27 5297586.38
28 27 286375.707
29 27 -882749.864
30 27 354.528796
31 27 -10357651
32 27 -2420976.73
33 27 -2250307.46
34 27 -121408.07
35 27 538373.979
36 27 3408.91988
19 28 90629.6815
20 28 -2092063.98
21 28 -158827.859
22 28 -169365.947
23 28 -6602.98735
24 28 -28536.6969
25 28 -76389.4514
26 28 4929715.67
27 28 286375.707
28 28 367057.522
29 28 2565.78267
30 28 56996.827
31 28 -7981.19242
32 28 -2826161.62
33 28 -120546.269
34 28 -197694.899
35 28 3792.9913
36 28 -28428.275
19 29 2109253.3
20 29 -81790.4758
21 29 419838.441
22 29 -6019.35923
23 29 -182557.245
24 29 -15548.1173
25 29 -4861621.94
26 29 76034.9226
27 29 -882749.864
28 29 2565.78267
29 29 378449.8
30 29 21626.6212
31 29 2745365.07
32 29 6818.51031
33 29 451297.273
34 29 4023.61903
35 29 -195903.459
36 29 -5929.80662
19 30 193037.775
20 30 -377245.451
21 30 7379.92798
22 30 -22477.5961
23 30 -15834.7969
24 30 -6583.12617
25 30 -311812.533
26 30 937233.358
27 30 354.528796
28 30 56996.827
29 30 21626.6212
30 30 13389.1007
31 30 120524.203
32 30 -556404.148
33 30 -3949.46311
34 30 -34488.568
35 30 -5827.5507
36 30 -6519.56187
19 31 -12357565.7
20 31 -223838.251
21 31 -2942260.14
22 31 -56756.8213
23 31 732049.789
24 31 37737.3385
25 31 -48592530.4
26 31 791103.725
27 31 -10357651
28 31 -7981.19242
29 31 2745365.07
30 31 120524.203
31 31 70314555.9
32 31 -645122.278
33 31 12936509.4
34 31 67167.8601
35 31 -3929262.35
36 31 -187501.243
37 31 -9597941.69
38 31 -50519.4088
39 31 -1357080.43
40 31 -12320.0238
41 31 451607.426
42 31 23067.123
19 32 -103648.021
20 32 -13637329.9
21 32 -828595.16
22 32 -773037.521
23 32 48598.2661
24 32 -182840.293
25 32 863827.394
26 32 -52340591.3
27 32 -2420976.73
28 32 -2826161.62
29 32 6818.51031
30 32 -556404.148
31 32 -645122.278
32 32 75357464.3
33 32 3876507.53
34 32 4072547.52
35 32 -67940.8058
36 32 687579.861
37 32 75730.904
38 32 -10015085.4
39 32 -581669.123
40 32 -452228.766
41 32 6353.8398
42 32 -52675.8922
19 33 -2145722.24
20 33 -859716.564
21 33 -624864.793
22 33 -49746.0232
23 33 119292.334
24 33 -3770.21021
25 33 -8881877.78
26 33 -2469092.06
27 33 -2250307.46
28 33 -120546.269
29 33 451297.273
30 33 -3949.46311
31 33 12936509.4
32 33 3876507.53
33 33 2944620.08
34 33 195236.565
35 33 -650277.894
36 33 772.94572
37 33 -1920144.44
38 33 -599234.176
39 33 -363725.049
40 33 -25597.6441
41 33 79304.4006
42 33 1311.92864
19 34 -48058.7433
20 34 -803289.185
21 34 -52164.6742
22 34 -52787.3113
23 34 7357.96359
24 34 -11800.2638
25 34 -3845.85588
26 34 -2881970.56
27 34 -121408.07
28 34 -197694.899
29 34 4023.61903
30 34 -34488.568
31 34 67167.8601
32 34 4072547.52
33 34 195236.565
34 34 275628.348
35 34 -12411.0227
36 34 41085.6979
37 34 -7463.08754
38 34 -436096.871
39 34 -23430.783
40 34 -23792.6978
41 34 666.90372
42 34 -2546.74944
19 35 741884.93
20 35 57950.9088
21 35 167835.739
22 35 8153.3198
23 35 -50498.8073
24 35 -1579.44939
25 35 2770139.15
26 35 5551.35644
27 35 538373.979
28 35 3792.9913
29 35 -195903.459
30 35 -5827.5507
31 35 -3929262.35
32 35 -67940.8058
33 35 -650277.894
34 35 -12411.0227
35 35 271062.886
36 35 9381.59367
37 35 442676.724
38 35 13351.1604
39 35 52008.3357
40 35 991.767191
41 35 -24646.0379
42 35 -1259.72745
19 36 44346.7404
20 36 -138687.534
21 36 2656.22624
22 36 -8434.46595
23 36 -2254.69791
24 36 -2324.36742
25 36 122669.874
26 36 -479387.203
27 36 3408.91988
28 36 -28428.275
29 36 -5929.80662
30 36 -6519.56187
31 36 -187501.243
32 36 687579.861
33 36 772.94572
34 36 41085.6979
35 36 9381.59367
36 36 8287.23581
37 36 22690.3568
38 36 -76297.8485
39 36 -1327.19998
40 36 -3941.80163
41 36 -1257.47621
42 36 -538.436282
31 37 -9597941.69
32 37 75730.904
33 37 -1920144.44
34 37 -7463.08754
35 37 442676.724
36 37 22690.3568
37 37 80097850.4
38 37 -1441917.15
39 37 15443105.9
40 37 184197.225
41 37 -4087536.68
42 37 -245135.94
43 37 -70150797.7
44 37 611705.032
45 37 -12016103.7
46 37 -212427.544
47 37 3639687.22
48 37 225137.474
31 38 -50519.4088
32 38 -10015085.4
33 38 -599234.176
34 38 -436096.871
35 38 13351.1604
36 38 -76297.8485
37 38 -1441917.15
38 38 83473439.4
39 38 6283966.68
40 38 3778563.59
41 38 -183412.044
42 38 583009.329
43 38 2188530.93
44 38 -72847545.6
45 38 -5665401.72
46 38 -3350896.3
47 38 133098.806
48 38 -436428.691
31 39 -1357080.43
32 39 -581669.123
33 39 -363725.049
34 39 -23430.783
35 39 52008.3357
36 39 -1327.19998
37 39 15443105.9
38 39 6283966.68
39 39 4840153.67
40 39 236494.285
41 39 -541048.701
42 39 -785.180964
43 39 -14015301
44 39 -5820729.37
45 39 -4143655.41
46 39 -218171.124
47 39 485995.145
48 39 6569.40666
31 40 -12320.0238
32 40 -452228.766
33 40 -25597.6441
34 40 -23792.6978
35 40 991.767191
36 40 -3941.80163
37 40 184197.225
38 40 3778563.59
39 40 236494.285
40 40 248760.892
41 40 -30965.0113
42 40 25870.8743
43 40 -135157.219
44 40 -3296905.64
45 40 -202968.649
46 40 -225607.774
47 40 27441.1344
48 40 -16715.1573
31 41 451607.426
32 41 6353.8398
33 41 79304.4006
34 41 666.90372
35 41 -24646.0379
36 41 -1257.47621
37 41 -4087536.68
38 41 -183412.044
39 41 -541048.701
40 41 -30965.0113
41 41 299572.983
42 41 10116.4425
43 41 3602388.61
44 41 212217.946
45 41 379836.618
46 41 33242.5069
47 41 -274475.635
48 41 -9453.81438
31 42 23067.123
32 42 -52675.8922
33 42 1311.92864
34 42 -2546.74944
35 42 -1259.72745
36 42 -538.436282
37 42 -245135.94
38 42 583009.329
39 42 -785.180964
40 42 25870.8743
41 42 10116.4425
42 42 5834.53525
43 42 226677.782
44 42 -524192.937
45 42 -5148.33155
46 42 -23327.8486
47 42 -9113.83812
48 42 -4795.33172
37 43 -70150797.7
38 43 2188530.93
39 43 -14015301
40 43 -135157.219
41 43 3602388.61
42 43 226677.782
43 43 69905530
44 43 -1359327.48
45 43 11992639.1
46 43 172551.048
47 43 -3601346.04
48 43 -228791.549
37 44 611705.032
38 44 -72847545.6
39 44 -5820729.37
40 44 -3296905.64
41 44 212217.946
42 44 -524192.937
43 44 -1359327.48
44 44 72258471.6
45 44 5777667.87
46 44 3313082.64
47 44 -172123.81
48 44 430692.443
37 45 -12016103.7
38 45 -5665401.72
39 45 -4143655.41
40 45 -202968.649
41 45 379836.618
42 45 -5148.33155
43 45 11992639.1
44 45 5777667.87
45 45 3803177.11
46 45 207716.957
47 45 -377493.076
48 45 -427.238089
37 46 -212427.544
38 46 -3350896.3
39 46 -218171.124
40 46 -225607.774
41 46 33242.5069
42 46 -23327.8486
43 46 172551.048
44 46 3313082.64
45 46 207716.957
46 46 226579.626
47 46 -30503.2632
48 46 16728.0627
37 47 3639687.22
38 47 133098.806
39 47 485995.145
40 47 27441.1344
41 47 -274475.635
42 47 -9113.83812
43 47 -3601346.04
44 47 -172123.81
45 47 -377493.076
46 47 -30503.2632
47 47 274154.049
48 47 9660.91209
37 48 225137.474
38 48 -436428.691
39 48 6569.40666
40 48 -16715.1573
41 48 -9453.81438
42 48 -4795.33172
43 48 -228791.549
44 48 430692.443
45 48 -427.238089
46 48 16728.0627
47 48 9660.91209
48 48 4347.8016
