# name: debug
# type: sparse matrix
# nnz: 252
# rows: 42
# columns: 42

1 1 4697600.44
2 1 -87758.8198
3 1 575703.46
4 1 -444.035349
5 1 -280953.325
6 1 -27525.8831
1 2 -87758.8198
2 2 5520325.2
3 2 439126.767
4 2 286186.799
5 2 399.998629
6 2 52016.227
1 3 575703.46
2 3 439126.767
3 3 850437.147
4 3 26729.954
5 3 -49036.493
6 3 1.69247859
1 4 -444.035349
2 4 286186.799
3 4 26729.954
4 4 55247.4854
5 4 14798.0917
6 4 -3391.16672
1 5 -280953.325
2 5 399.998629
3 5 -49036.493
4 5 14798.0917
5 5 72195.6809
6 5 -9319.07766
1 6 -27525.8831
2 6 52016.227
3 6 1.69247859
4 6 -3391.16672
5 6 -9319.07766
6 6 -547.595215
7 7 10266227.9
8 7 82167.043
9 7 -495306.831
10 7 706.312242
11 7 -500423.087
12 7 -41409.7744
7 8 82167.043
8 8 11829727.6
9 8 1003862.58
10 8 512574.183
11 8 -706.312242
12 8 -12317.637
7 9 -495306.831
8 9 1003862.58
9 9 1594333.6
10 9 39300.587
11 9 12377.4153
12 9 -2.38488118e-11
7 10 706.312242
8 10 512574.183
9 10 39300.587
10 10 28957.136
11 10 123.706084
12 10 -673.368988
7 11 -500423.087
8 11 -706.312242
9 11 12377.4153
10 11 123.706084
11 11 31057.7955
12 11 1328.1655
7 12 -41409.7744
8 12 -12317.637
9 12 -2.38488118e-11
10 12 -673.368988
11 12 1328.1655
12 12 4341.61022
13 13 5724977.33
14 13 156812.776
15 13 -1088303.89
16 13 897.946419
17 13 -339279.013
18 13 -17348.6419
13 14 156812.776
14 14 7144706.76
15 14 393686.761
16 14 348927.226
17 14 -897.946419
18 14 -65808.5716
13 15 -1088303.89
14 15 393686.761
15 15 1271203.7
16 15 16275.7906
17 15 60766.8589
18 15 -2.7503777e-11
13 16 897.946419
14 16 348927.226
15 16 16275.7906
16 16 22463.3361
17 16 239.14188
18 16 -3287.42768
13 17 -339279.013
14 17 -897.946419
15 17 60766.8589
16 17 239.14188
17 17 25053.2052
18 17 258.466683
13 18 -17348.6419
14 18 -65808.5716
15 18 -2.7503777e-11
16 18 -3287.42768
17 18 258.466683
18 18 4494.98512
19 19 7079052.07
20 19 -128529.626
21 19 942797.348
22 19 -986.948499
23 19 -379598.318
24 19 -23761.1938
19 20 -128529.626
20 20 9046338.7
21 20 648122.277
22 20 392358.055
23 20 986.948498
24 20 32718.5941
19 21 942797.348
20 21 648122.277
21 21 1816905.07
22 21 21565.1487
23 21 -29491.581
24 21 5.83764148e-11
19 22 -986.948499
20 22 392358.055
21 22 21565.1487
22 22 23059.7515
23 22 -221.041086
24 22 3.72021212
19 23 -379598.318
20 23 986.948498
21 23 -29491.581
22 23 -221.041086
23 23 25629.6022
24 23 91.748255
19 24 -23761.1938
20 24 32718.5941
21 24 5.83764148e-11
22 24 3.72021212
23 24 91.748255
24 24 4751.67053
25 25 10146774.9
26 25 -411986.448
27 25 2728693.43
28 25 -3071.01443
29 25 -462879.694
30 25 -25193.5311
25 26 -411986.448
26 26 12550006.2
27 26 740630.004
28 26 479942.132
29 26 3071.01443
30 26 101649.978
25 27 2728693.43
26 27 740630.004
27 27 1976660.77
28 27 23230.7946
29 27 -91424.5312
30 27 3.89213661e-11
25 28 -3071.01443
26 28 479942.132
27 28 23230.7946
28 28 24040.1879
29 28 -117.373483
30 28 2295.32811
25 29 -462879.694
26 29 3071.01443
27 29 -91424.5312
28 29 -117.373483
29 29 26193.1369
30 29 491.348738
25 30 -25193.5311
26 30 101649.978
27 30 3.89213661e-11
28 30 2295.32811
29 30 491.348738
30 30 4080.33133
31 31 9771256.6
32 31 -351751.215
33 31 1543347.39
34 31 -2645.12073
35 31 -433733.444
36 31 -35518.077
31 32 -351751.215
32 32 11643285.4
33 32 798503.889
34 32 447195.909
35 32 2645.12073
36 32 53178.4149
31 33 1543347.39
32 33 798503.889
33 33 1667814.29
34 33 33831.8006
35 33 -46972.629
36 33 -2.20108376e-11
31 34 -2645.12073
32 34 447195.909
33 34 33831.8006
34 34 20768.813
35 34 -86.2945362
36 34 553.891918
31 35 -433733.444
32 35 2645.12073
33 35 -46972.629
34 35 -86.2945362
35 35 22656.2319
36 35 1399.22364
31 36 -35518.077
32 36 53178.4149
33 36 -2.20108376e-11
34 36 553.891918
35 36 1399.22364
36 36 3504.94612
37 37 10862454.1
38 37 -236043.199
39 37 1564781.14
40 37 -1906.59721
41 37 -487083.723
42 37 -35650.7249
37 38 -236043.199
38 38 12619292.5
39 38 890005.022
40 38 500011.846
41 38 1906.59721
42 38 67908.8583
37 39 1564781.14
38 39 890005.022
39 39 1707098.7
40 39 34029.1303
41 39 -64489.1867
42 39 -2.9168995e-10
37 40 -1906.59721
38 40 500011.846
39 40 34029.1303
40 40 23236.8957
41 40 -111.691897
42 40 2430.11345
37 41 -487083.723
38 41 1906.59721
39 41 -64489.1867
40 41 -111.691897
41 41 25567.9314
42 41 1133.73908
37 42 -35650.7249
38 42 67908.8583
39 42 -2.9168995e-10
40 42 2430.11345
41 42 1133.73908
42 42 4071.11328
