# name: debug
# type: sparse matrix
# nnz: 756
# rows: 42
# columns: 42

1 1 1555713.51
2 1 39829.19
3 1 72915.2327
4 1 3443.78248
5 1 -113574.361
6 1 17127.7787
1 2 39829.19
2 2 1416953.37
3 2 -225022.535
4 2 98178.273
5 2 -3118.6239
6 2 17200.1196
1 3 72915.2327
2 3 -225022.535
3 3 73509.4247
4 3 -14455.5606
5 3 -15511.321
6 3 -170.796799
1 4 3443.78248
2 4 98178.273
3 4 -14455.5606
4 4 -364115.091
5 4 544084.588
6 4 -531.803059
1 5 -113574.361
2 5 -3118.6239
3 5 -15511.321
4 5 544084.588
5 5 205120.197
6 5 -228218.121
1 6 17127.7787
2 6 17200.1196
3 6 -170.796799
4 6 -531.803059
5 6 -228218.121
6 6 -11821.7113
7 7 8263907.53
8 7 92484.1132
9 7 -2635704.15
10 7 -2431.73544
11 7 -269124.798
12 7 23662.6035
13 7 -1895995.75
14 7 69470.5936
15 7 456115.802
16 7 3677.41504
17 7 98065.7921
18 7 -17969.2628
7 8 92484.1132
8 8 9914242.46
9 8 -126560.448
10 8 283797.284
11 8 2433.32797
12 8 -81370.9797
13 8 65777.914
14 8 -2153602.39
15 8 210071.687
16 8 -100852.523
17 8 -3488.27676
18 8 23465.7709
7 9 -2635704.15
8 9 -126560.448
9 9 1053015
10 9 -22586.4272
11 9 73272.8925
12 9 -1.59253336
13 9 454220.263
14 9 202985.125
15 9 -185185.824
16 9 15944.3675
17 9 -20287.6138
18 9 55.7021987
7 10 -2431.73544
8 10 283797.284
9 10 -22586.4272
10 10 23697.3348
11 10 -41.3014282
12 10 -2675.84272
13 10 3299.42574
14 10 -94081.9038
15 10 15116.7136
16 10 -5545.58723
17 10 -47.3436045
18 10 1134.06394
7 11 -269124.798
8 11 2433.32797
9 11 73272.8925
10 11 -41.3014282
11 11 23720.797
12 11 -1744.62244
13 11 91436.1514
14 11 -3475.85477
15 11 -19131.4019
16 11 -58.0299347
17 11 -5526.52451
18 11 1118.27511
7 12 23662.6035
8 12 -81370.9797
9 12 -1.59253336
10 12 -2675.84272
11 12 -1744.62244
12 12 13175.2279
13 12 -16120.8539
14 12 21892.0854
15 12 -51.163096
16 12 1124.85975
17 12 1087.09897
18 12 -475.898283
7 13 -1895995.75
8 13 65777.914
9 13 454220.263
10 13 3299.42574
11 13 91436.1514
12 13 -16120.8539
13 13 22043416.2
14 13 -250791.507
15 13 -4861400.12
16 13 -16200.8343
17 13 -714653.699
18 13 95599.709
19 13 -2084979.17
20 13 313149.191
21 13 668019.543
22 13 13236.9703
23 13 140484.062
24 13 -39169.9915
25 13 -566002.624
26 13 15705.8104
27 13 194754.782
28 13 233.371347
29 13 12847.068
30 13 -463.460639
31 13 -570864.882
32 13 16729.8392
33 13 196715.258
34 13 253.334331
35 13 13066.9244
36 13 -484.581491
7 14 69470.5936
8 14 -2153602.39
9 14 202985.125
10 14 -94081.9038
11 14 -3475.85477
12 14 21892.0854
13 14 -250791.507
14 14 25331255
15 14 -1398362.7
16 14 753008.53
17 14 16201.7643
18 14 -193111.737
19 14 318546.306
20 14 -2468093.94
21 14 360158.89
22 14 -151510.673
23 14 -13576.2685
24 14 58477.6746
25 14 14091.5202
26 14 -756919.841
27 14 14940.0699
28 14 -15381.8077
29 14 -198.111367
30 14 5369.22073
31 14 13744.7206
32 14 -763750.286
33 14 15619.8167
34 14 -15647.5015
35 14 -187.964538
36 14 5471.47963
7 15 456115.802
8 15 210071.687
9 15 -185185.824
10 15 15116.7136
11 15 -19131.4019
12 15 -51.163096
13 15 -4861400.12
14 15 -1398362.7
15 15 2300682.51
16 15 -86056.3758
17 15 169504.697
18 15 -0.929968702
19 15 658865.405
20 15 353979.971
21 15 -328330.91
22 15 31153.6775
23 15 -46630.9279
24 15 26.1980058
25 15 194151.275
26 15 13876.6596
27 15 -68988.2481
28 15 359.882367
29 15 -4428.6404
30 15 4.81976995
31 15 195821.759
32 15 13720.7259
33 15 -69709.7929
34 15 361.418404
35 15 -4504.80962
36 15 8.85558775
7 16 3677.41504
8 16 -100852.523
9 16 15944.3675
10 16 -5545.58723
11 16 -58.0299347
12 16 1124.85975
13 16 -16200.8343
14 16 753008.53
15 16 -86056.3758
16 16 45168.3013
17 16 -198.03088
18 16 -8858.8233
19 16 13525.6797
20 16 -146990.642
21 16 30599.4178
22 16 -10854.4096
23 16 -174.486262
24 16 3993.20119
25 16 200.080851
26 16 -15098.1483
27 16 373.475524
28 16 -308.205559
29 16 -1.50251121
30 16 107.492405
31 16 192.688308
32 16 -15234.8743
33 16 388.19298
34 16 -313.549164
35 16 -1.25570688
36 16 109.545127
7 17 98065.7921
8 17 -3488.27676
9 17 -20287.6138
10 17 -47.3436045
11 17 -5526.52451
12 17 1087.09897
13 17 -714653.699
14 17 16201.7643
15 17 169504.697
16 17 -198.03088
17 17 45292.6492
18 17 -6184.50819
19 17 136068.336
20 17 -13196.4245
21 17 -45851.3577
22 17 -149.518062
23 17 -10730.8063
24 17 2840.42146
25 17 12602.5908
26 17 -234.656923
27 17 -4357.92538
28 17 -2.25188739
29 17 -287.503801
30 17 10.1942578
31 17 12711.4439
32 17 -256.448868
33 17 -4402.21165
34 17 -2.64180387
35 17 -292.448425
36 17 10.6698465
7 18 -17969.2628
8 18 23465.7709
9 18 55.7021987
10 18 1134.06394
11 18 1118.27511
12 18 -475.898283
13 18 95599.709
14 18 -193111.737
15 18 -0.929968702
16 18 -8858.8233
17 18 -6184.50819
18 18 16599.0794
19 18 -37315.4826
20 18 55824.4205
21 18 -25.4536845
22 18 3919.12142
23 18 2786.73676
24 18 -2164.25729
25 18 -433.867434
26 18 5252.3799
27 18 -4.74407582
28 18 107.122547
29 18 9.6964845
30 18 -38.2816494
31 18 -434.894056
32 18 5300.71737
33 18 -8.46149866
34 18 108.993972
35 18 9.78410638
36 18 -39.0285963
13 19 -2084979.17
14 19 318546.306
15 19 658865.405
16 19 13525.6797
17 19 136068.336
18 19 -37315.4826
19 19 27141121
20 19 -916315.144
21 19 -4879164.49
22 19 -32608.1628
23 19 -1165560.61
24 19 206501.217
25 19 -5915236.82
26 19 386992.872
27 19 920081.306
28 19 16506.8594
29 19 309812.953
30 19 -68681.8951
31 19 -2912816.8
32 19 -29197.9876
33 19 225984.941
34 19 -540.828959
35 19 93323.4143
36 19 -9918.27773
13 20 313149.191
14 20 -2468093.94
15 20 353979.971
16 20 -146990.642
17 20 -13196.4245
18 20 55824.4205
19 20 -916315.144
20 20 29504065.2
21 20 -2786532.12
22 20 1198490.21
23 20 32620.3975
24 20 -271220.863
25 20 360287.32
26 20 -6266400.28
27 20 876771.395
28 20 -317191.685
29 20 -15075.0672
30 20 71341.5429
31 20 -49057.8267
32 20 -3149642.1
33 20 230672.26
34 20 -95672.6471
35 20 1155.57652
36 20 5442.94003
13 21 668019.543
14 21 360158.89
15 21 -328330.91
16 21 30599.4178
17 21 -45851.3577
18 21 -25.4536845
19 21 -4879164.49
20 21 -2786532.12
21 21 2658850.38
22 21 -186665.503
23 21 239447.373
24 21 -12.2347415
25 21 920738.917
26 21 841706.261
27 21 -541950.335
28 21 57462.8411
29 21 -59408.9268
30 21 316.0741
31 21 243275.13
32 21 215032.597
33 21 -185874.222
34 21 8868.33925
35 21 -4427.91753
36 21 81.5834567
13 22 13236.9703
14 22 -151510.673
15 22 31153.6775
16 22 -10854.4096
17 22 -149.518062
18 22 3919.12142
19 22 -32608.1628
20 22 1198490.21
21 22 -186665.503
22 22 75777.0416
23 22 -852.948833
24 22 -15865.5717
25 22 15182.8585
26 22 -308268.205
27 22 57682.0582
28 22 -18626.3377
29 22 -167.809021
30 22 4509.46415
31 22 -1224.89827
32 22 -93137.3664
33 22 9106.59335
34 22 -3051.28382
35 22 20.6022025
36 22 44.5024665
13 23 140484.062
14 23 -13576.2685
15 23 -46630.9279
16 23 -174.486262
17 23 -10730.8063
18 23 2786.73676
19 23 -1165560.61
20 23 32620.3975
21 23 239447.373
22 23 -852.948833
23 23 76358.1967
24 23 -13239.4095
25 23 301432.594
26 23 -16572.1019
27 23 -57823.097
28 23 -254.29933
29 23 -18549.3711
30 23 4316.97027
31 23 90875.9872
32 23 626.265474
33 23 -3762.90031
34 23 1.05530214
35 23 -3039.2386
36 23 373.790347
13 24 -39169.9915
14 24 58477.6746
15 24 26.1980058
16 24 3993.20119
17 24 2840.42146
18 24 -2164.25729
19 24 206501.217
20 24 -271220.863
21 24 -12.2347415
22 24 -15865.5717
23 24 -13239.4095
24 24 20970.487
25 24 -64414.1976
26 24 68514.2369
27 24 -307.578886
28 24 4453.98151
29 24 4156.22933
30 24 -2382.6011
31 24 -9065.30921
32 24 5995.48667
33 24 -79.1714166
34 24 68.613658
35 24 353.562836
36 24 -161.299363
13 25 -566002.624
14 25 14091.5202
15 25 194151.275
16 25 200.080851
17 25 12602.5908
18 25 -433.867434
19 25 -5915236.82
20 25 360287.32
21 25 920738.917
22 25 15182.8585
23 25 301432.594
24 25 -64414.1976
25 25 24482896.6
26 25 -393814.708
27 25 -3712517.41
28 25 -15762.2645
29 25 -919503.801
30 25 130117.45
31 25 -3119136.5
32 25 -39098.2979
33 25 223288.167
34 25 -850.074016
35 25 99595.2547
36 25 -9798.66051
13 26 15705.8104
14 26 -756919.841
15 26 13876.6596
16 26 -15098.1483
17 26 -234.656923
18 26 5252.3799
19 26 386992.872
20 26 -6266400.28
