# name: debug
# type: sparse matrix
# nnz: 1080
# rows: 48
# columns: 48

1 1 1970135.82
2 1 76692.2603
3 1 234902.691
4 1 88192.9383
5 1 -1361412.94
6 1 -224829.638
7 1 -1271914.96
8 1 -29010.2538
9 1 -290724.053
10 1 -83338.4943
11 1 1154505.22
12 1 213718.127
13 1 -165907.324
14 1 -21214.6306
15 1 36956.1472
16 1 -302.413239
17 1 5574.72134
18 1 1928.43324
1 2 76692.2603
2 2 3450737.5
3 2 589330.071
4 2 2728146.68
5 2 -172178.726
6 2 894396.954
7 2 -79868.1737
8 2 -2723510.12
9 2 -546872.156
10 2 -2532018.16
11 2 238404.083
12 2 -874446.963
13 2 -24511.2296
14 2 -163967.929
15 2 -44227.2649
16 2 -5518.10473
17 2 406.332352
18 2 1538.35884
1 3 234902.691
2 3 589330.071
3 3 357188.441
4 3 466634.111
5 3 -390732.612
6 3 83985.7874
7 3 -286519.69
8 3 -427046.621
9 3 -285965.075
10 3 -417386.799
11 3 382660.585
12 3 -71136.7406
13 3 37670.7331
14 3 -39683.0422
15 3 -24871.3956
16 3 -1535.8749
17 3 -1290.26727
18 3 -41.5796603
1 4 88192.9383
2 4 2728146.68
3 4 466634.111
4 4 2744300.76
5 4 -246445.568
6 4 889111.43
7 4 -117404.812
8 4 -2519078.87
9 4 -522126.917
10 4 -2583834.54
11 4 310345.485
12 4 -885407.198
13 4 -438.880019
14 4 -5470.08143
15 4 -1664.26211
16 4 -194.596731
17 4 1.78659132
18 4 45.7436461
1 5 -1361412.94
2 5 -172178.726
3 5 -390732.612
4 5 -246445.568
5 5 1436400.1
6 5 144277.389
7 5 1160811.67
8 5 151418.371
9 5 387640.511
10 5 237139.796
11 5 -1267391.52
12 5 -148678.283
13 5 5627.83463
14 5 331.478566
15 5 -1281.9852
16 5 -1.99802208
17 5 -193.750448
18 5 -65.0406803
1 6 -224829.638
2 6 894396.954
3 6 83985.7874
4 6 889111.43
5 6 144277.389
6 6 497882.771
7 6 161803.323
8 6 -868337.183
9 6 -117763.027
10 6 -882441.299
11 6 -73034.3126
12 6 -485654.111
13 6 1802.78807
14 6 1522.95556
15 6 44.7239458
16 6 45.7202525
17 6 -59.6774924
18 6 -33.3683301
1 7 -1271914.96
2 7 -79868.1737
3 7 -286519.69
4 7 -117404.812
5 7 1160811.67
6 7 161803.323
7 7 2863052.38
8 7 246508.623
9 7 -25990.3035
10 7 135047.062
11 7 -1480568.03
12 7 -318368.605
13 7 -1563482.26
14 7 -187216.675
15 7 316443.863
16 7 -28660.259
17 7 325238.261
18 7 109529.411
1 8 -29010.2538
2 8 -2723510.12
3 8 -427046.621
4 8 -2519078.87
5 8 151418.371
6 8 -868337.183
7 8 246508.623
8 8 4505771.13
9 8 938224.92
10 8 2925498.75
11 8 -239725.542
12 8 668154.278
13 8 -191861.338
14 8 -1775411.47
15 8 -387215.364
16 8 -411315.925
17 8 30255.0513
18 8 204992.849
1 9 -290724.053
2 9 -546872.156
3 9 -285965.075
4 9 -522126.917
5 9 387640.511
6 9 -117763.027
7 9 -25990.3035
8 9 938224.92
9 9 637675.499
10 9 598636.512
11 9 -264673.401
12 9 104678.48
13 9 315085.443
14 9 -399547.438
15 9 -322879.844
16 9 -80318.9361
17 9 -132455.136
18 9 969.677069
1 10 -83338.4943
2 10 -2532018.16
3 10 -417386.799
4 10 -2583834.54
5 10 237139.796
6 10 -882441.299
7 10 135047.062
8 10 2925498.75
9 10 598636.512
10 10 2743545.62
11 10 -297535.198
12 10 793346.243
13 10 -29249.9185
14 10 -411242.513
15 10 -77755.8965
16 10 -166512.13
17 10 358.454723
18 10 91239.616
1 11 1154505.22
2 11 238404.083
3 11 382660.585
4 11 310345.485
5 11 -1267391.52
6 11 -73034.3126
7 11 -1480568.03
8 11 -239725.542
9 11 -264673.401
10 11 -297535.198
11 11 1433141.94
12 11 162246.851
13 11 324089.989
14 11 27645.4282
15 11 -132468.418
16 11 -451.428442
17 11 -166663.137
18 11 -39716.7179
1 12 213718.127
2 12 -874446.963
3 12 -71136.7406
4 12 -885407.198
5 12 -148678.283
6 12 -485654.111
7 12 -318368.605
8 12 668154.278
9 12 104678.48
10 12 793346.243
11 12 162246.851
12 12 576885.713
13 12 111370.922
14 12 204631.213
15 12 -956.131161
16 12 91152.235
17 12 -41195.804
18 12 -81123.7518
1 13 -165907.324
2 13 -24511.2296
3 13 37670.7331
4 13 -438.880019
5 13 5627.83463
6 13 1802.78807
7 13 -1563482.26
8 13 -191861.338
9 13 315085.443
10 13 -29249.9185
11 13 324089.989
12 13 111370.922
13 13 4166738.55
14 13 304293.505
15 13 -550993.986
16 13 77239.7325
17 13 -2425969.35
18 13 -665924.54
19 13 -2410695.4
20 13 -91097.1789
21 13 195185.569
22 13 -47674.5509
23 13 2094306.82
24 13 553655.784
1 14 -21214.6306
2 14 -163967.929
3 14 -39683.0422
4 14 -5470.08143
5 14 331.478566
6 14 1522.95556
7 14 -187216.675
8 14 -1775411.47
9 14 -399547.438
10 14 -411242.513
11 14 27645.4282
12 14 204631.213
13 14 304293.505
14 14 4326425.99
15 14 982232.653
16 14 2521760.49
17 14 -76568.2388
18 14 -520795.447
19 14 -91362.4005
20 14 -2361927.92
21 14 -541286.723
22 14 -2103740.64
23 14 47023.5607
24 14 315625.996
1 15 36956.1472
2 15 -44227.2649
3 15 -24871.3956
4 15 -1664.26211
5 15 -1281.9852
6 15 44.7239458
7 15 316443.863
8 15 -387215.364
9 15 -322879.844
10 15 -77755.8965
11 15 -132468.418
12 15 -956.131161
13 15 -550993.986
14 15 982232.653
15 15 621372.708
16 15 576931.553
17 15 385983.739
18 15 -671.490834
19 15 193764.881
20 15 -541454.237
21 15 -271277.454
22 15 -496909.155
23 15 -252228.565
24 15 1156.34619
1 16 -302.413239
2 16 -5518.10473
3 16 -1535.8749
4 16 -194.596731
5 16 -1.99802208
6 16 45.7202525
7 16 -28660.259
8 16 -411315.925
9 16 -80318.9361
10 16 -166512.13
11 16 -451.428442
12 16 91152.235
13 16 77239.7325
14 16 2521760.49
15 16 576931.553
16 16 2239752.65
17 16 7273.46462
18 16 -395054.479
19 16 -48146.9664
20 16 -2106132.56
21 16 -497164.553
22 16 -2072676.33
23 16 -7511.83202
24 16 304853.292
1 17 5574.72134
2 17 406.332352
3 17 -1290.26727
4 17 1.78659132
5 17 -193.750448
6 17 -59.6774924
7 17 325238.261
8 17 30255.0513
9 17 -132455.136
10 17 358.454723
11 17 -166663.137
12 17 -41195.804
13 17 -2425969.35
14 17 -76568.2388
15 17 385983.739
16 17 7273.46462
17 17 2227958.14
18 17 556369.071
19 17 2096486.54
20 17 47092.1805
21 17 -253529.075
22 17 -7684.52529
23 17 -2060525.98
24 17 -515605.629
1 18 1928.43324
2 18 1538.35884
3 18 -41.5796603
4 18 45.7436461
5 18 -65.0406803
6 18 -33.3683301
7 18 109529.411
8 18 204992.849
9 18 969.677069
10 18 91239.616
11 18 -39716.7179
12 18 -81123.7518
13 18 -665924.54
14 18 -520795.447
15 18 -671.490834
16 18 -395054.479
17 18 556369.071
18 18 368420.483
19 18 554545.771
20 18 315023.28
21 18 548.869338
22 18 303823.58
23 18 -515961.142
24 18 -287261.561
13 19 -2410695.4
14 19 -91362.4005
15 19 193764.881
16 19 -48146.9664
17 19 2096486.54
18 19 554545.771
19 19 2648180.35
20 19 121578.766
21 19 -258375.802
22 19 34695.4276
23 19 -1948000.25
24 19 -523096.863
25 19 -217300.258
26 19 -32071.7252
27 19 69757.2205
28 19 12281.1084
29 19 -150186.683
30 19 -31486.2203
13 20 -91097.1789
14 20 -2361927.92
15 20 -541454.237
16 20 -2106132.56
17 20 47092.1805
18 20 315023.28
19 20 121578.766
20 20 2524668.34
21 20 568531.78
22 20 2118541.96
23 20 -17671.2522
24 20 -308202.758
25 20 -34242.6514
26 20 -113878.062
27 20 -12000.6683
28 20 -11071.9813
29 20 -29329.6728
30 20 -7881.57881
13 21 195185.569
14 21 -541286.723
15 21 -271277.454
16 21 -497164.553
17 21 -253529.075
18 21 548.869338
19 21 -258375.802
20 21 568531.78
21 21 299824.575
22 21 507943.595
23 21 178107.021
24 21 -17024.1754
25 21 69450.5253
26 21 -12295.9669
27 21 -30162.6593
28 21 -9941.81004
29 21 75597.2306
30 21 16196.2095
13 22 -47674.5509
14 22 -2103740.64
15 22 -496909.155
16 22 -2072676.33
17 22 -7684.52529
18 22 303823.58
19 22 34695.4276
20 22 2118541.96
21 22 507943.595
22 22 2141190.15
23 22 -37088.2884
24 22 -342169.165
25 22 22782.4198
26 22 4918.54677
27 22 -12069.5908
28 22 -67899.1
29 22 45206.4545
30 22 37518.2027
13 23 2094306.82
14 23 47023.5607
15 23 -252228.565
16 23 -7511.83202
17 23 -2060525.98
18 23 -515961.142
19 23 -1948000.25
20 23 -17671.2522
21 23 178107.021
22 23 -37088.2884
23 23 2637958.31
24 23 638397.08
25 23 -261488.821
26 23 -46769.326
27 23 124391.718
28 23 41048.8575
29 23 -577239.127
30 23 -122915.042
13 24 553655.784
14 24 315625.996
15 24 1156.34619
16 24 304853.292
17 24 -515605.629
18 24 -287261.561
19 24 -523096.863
20 24 -308202.758
21 24 -17024.1754
22 24 -342169.165
23 24 638397.08
24 24 325900.133
25 24 -55665.0317
26 24 -17862.0779
27 24 25646.6159
28 24 36629.9807
29 24 -122966.359
30 24 -38731.3004
19 25 -217300.258
20 25 -34242.6514
21 25 69450.5253
22 25 22782.4198
23 25 -261488.821
24 25 -55665.0317
25 25 5117768.09
26 25 -367298.387
27 25 1038582.79
28 25 -278247.236
29 25 -3032306.66
30 25 -670993.718
31 25 -1612972.22
32 25 134100.402
33 25 -379606.477
34 25 83438.4532
35 25 1096647.79
36 25 241763.755
37 25 -1614387.35
38 25 135628.42
39 25 -379963.307
40 25 84879.011
41 25 1098758.56
42 25 242063.091
43 25 -1613810.22
44 25 135581.018
45 25 -379909.386
46 25 84889.2064
47 25 1098478.26
48 25 241564.686
19 26 -32071.7252
20 26 -113878.062
21 26 -12295.9669
22 26 4918.54677
23 26 -46769.326
24 26 -17862.0779
25 26 -367298.387
26 26 6086912.09
27 26 1000656.81
28 26 3907770.76
29 26 303645.365
30 26 1921250.26
31 26 137916.729
32 26 -1986976.63
33 26 -330223.61
34 26 -1302221.62
35 26 -84862.4815
36 26 -634710.438
37 26 140021.04
38 26 -1988599
39 26 -328680.39
40 26 -1304083.21
41 26 -88499.2784
42 26 -635758.251
43 26 139576.938
44 26 -1988417.62
45 26 -328074.507
46 26 -1303909.53
47 26 -88322.4919
48 26 -635594.52
19 27 69757.2205
20 27 -12000.6683
21 27 -30162.6593
22 27 -12069.5908
23 27 124391.718
24 27 25646.6159
25 27 1038582.79
26 27 1000656.81
27 27 1059099.15
28 27 581927.815
29 27 -1611151.54
30 27 -25398.1282
31 27 -377973.292
32 27 -330594.047
33 27 -339261.339
34 27 -190940.137
35 27 495145.071
36 27 -315.511452
37 27 -378374.963
38 27 -330346.646
39 27 -339217.858
40 27 -190559.276
41 27 495583.279
42 27 -352.971834
43 27 -378338.652
44 27 -330437.282
45 27 -339046.114
46 27 -190525.446
47 27 495482.53
48 27 -555.267131
19 28 12281.1084
20 28 -11071.9813
21 28 -9941.81004
22 28 -67899.1
23 28 41048.8575
24 28 36629.9807
25 28 -278247.236
26 28 3907770.76
27 28 581927.815
28 28 3632631.86
29 28 -46066.905
30 28 1655982.15
31 28 85486.8713
32 28 -1304431.28
33 28 -191018.72
34 28 -1186498.08
35 28 2905.03832
36 28 -564301.322
37 28 88393.0995
38 28 -1306220.29
39 28 -189426.174
40 28 -1188604.69
41 28 -1413.93301
42 28 -565507.29
43 28 88054.8257
44 28 -1306143.54
45 28 -189047.954
46 28 -1188452.45
47 28 -1267.4993
48 28 -565397.517
19 29 -150186.683
20 29 -29329.6728
21 29 75597.2306
22 29 45206.4545
23 29 -577239.127
24 29 -122966.359
25 29 -3032306.66
26 29 303645.365
27 29 -1611151.54
28 29 -46066.905
29 29 4147775.14
30 29 727524.491
31 29 1097845.45
32 29 -83522.6346
33 29 496745.101
34 29 4067.92075
35 29 -1188361.05
36 29 -200926.902
37 29 1099649.68
38 29 -84922.1377
39 29 497238.971
40 29 2353.5858
41 29 -1191065.19
42 29 -201301.009
43 29 1099328.71
44 29 -84728.7347
45 29 497146.672
46 29 2330.75
47 29 -1190773.12
48 29 -200779.16
19 30 -31486.2203
20 30 -7881.57881
21 30 16196.2095
22 30 37518.2027
23 30 -122915.042
24 30 -38731.3004
25 30 -670993.718
26 30 1921250.26
27 30 -25398.1282
28 30 1655982.15
29 30 727524.491
30 30 977862.846
31 30 242298.976
32 30 -634483.114
33 30 -222.927975
34 30 -563115.914
35 30 -200872.435
36 30 -313005.216
37 30 243647.263
38 30 -635403.112
39 30 507.483755
40 30 -564176.029
41 30 -202856.21
42 30 -313534.55
43 30 243420.788
44 30 -635332.358
45 30 667.78687
46 30 -564106.659
47 30 -202738.106
48 30 -313389.172
25 31 -1612972.22
26 31 137916.729
27 31 -377973.292
28 31 85486.8713
29 31 1097845.45
30 31 242298.976
31 31 8972225.48
32 31 -311910.544
33 31 1177196.43
34 31 -201679.386
35 31 -7628567.33
36 31 -1584499.54
37 31 -3672810.37
38 31 90548.7921
39 31 -399274.117
40 31 61126.2716
41 31 3265548.8
42 31 670614.336
43 31 -3671575.85
44 31 90862.7451
45 31 -399210.882
46 31 61526.9446
47 31 3264710.33
48 31 669103.734
25 32 134100.402
26 32 -1986976.63
27 32 -330594.047
28 32 -1304431.28
29 32 -83522.6346
30 32 -634483.114
31 32 -311910.544
32 32 10904095.5
33 32 1704961.19
34 32 8629756.06
35 32 201071.072
36 32 1997946.51
37 32 84896.3488
38 32 -4451527.53
39 32 -684701.878
40 32 -3663111.71
41 32 -55843.3325
42 32 -680625.683
43 32 84013.6941
44 32 -4451006.53
45 32 -683369.786
46 32 -3662488.67
47 32 -55262.6217
48 32 -680375.861
25 33 -379606.477
26 33 -330223.61
27 33 -339261.339
28 33 -191018.72
29 33 496745.101
30 33 -222.927975
31 33 1177196.43
32 33 1704961.19
33 33 1674488.26
34 33 1298989.99
35 33 -1594759.33
36 33 608.313437
37 33 -400564.486
38 33 -684850.448
39 33 -666256.425
40 33 -553070.673
41 33 549557.632
42 33 -85.1028352
43 33 -400619.541
44 33 -685173.185
45 33 -665921.858
46 33 -553117.506
47 33 549542.474
48 33 -276.096327
25 34 83438.4532
26 34 -1302221.62
27 34 -190940.137
28 34 -1186498.08
29 34 4067.92075
30 34 -563115.914
31 34 -201679.386
32 34 8629756.06
33 34 1298989.99
34 34 8934013.36
35 34 -6881.6025
36 34 2065100.24
37 34 55817.7369
38 34 -3662526.07
39 34 -553094.099
40 34 -3874332.22
41 34 4359.37585
42 34 -749798.978
43 34 55054.6807
44 34 -3662201.9
45 34 -552002.109
46 34 -3873727.05
47 34 4944.02278
48 34 -749567.465
25 35 1096647.79
26 35 -84862.4815
27 35 495145.071
28 35 2905.03832
29 35 -1188361.05
30 35 -200872.435
31 35 -7628567.33
32 35 201071.072
33 35 -1594759.33
34 35 -6881.6025
35 35 8927274.09
36 35 1439018.98
37 35 3265105.32
38 35 -60761.1195
39 35 548354.632
40 35 -1482.28941
41 35 -3870038.43
42 35 -618498.982
43 35 3264159.49
44 35 -60965.0009
45 35 548261.451
46 35 -1979.53662
47 35 -3869110.83
48 35 -616797.96
25 36 241763.755
26 36 -634710.438
27 36 -315.511452
28 36 -564301.322
29 36 -200926.902
30 36 -313005.216
31 36 -1584499.54
32 36 1997946.51
33 36 608.313437
34 36 2065100.24
35 36 1439018.98
36 36 1740483.97
37 36 670276.238
38 36 -681739.612
39 36 -253.635184
40 36 -751263.613
41 36 -618405.658
42 36 -713369.03
43 36 669797.78
44 36 -681677.149
45 36 -77.1343634
46 36 -751173.76
47 36 -618129.666
48 36 -712929.565
25 37 -1614387.35
26 37 140021.04
27 37 -378374.963
28 37 88393.0995
29 37 1099649.68
30 37 243647.263
31 37 -3672810.37
32 37 84896.3488
33 37 -400564.486
34 37 55817.7369
35 37 3265105.32
36 37 670276.238
37 37 10562848.8
38 37 -107927.504
39 37 900023.17
40 37 -21402624.5
41 37 47349483.5
42 37 -3772701.15
43 37 -5260525.87
44 37 -115577.731
45 37 -122149.185
46 37 21249958
47 37 -51717355.2
48 37 2876180.44
25 38 135628.42
26 38 -1988599
27 38 -330346.646
28 38 -1306220.29
29 38 -84922.1377
30 38 -635403.112
31 38 90548.7921
32 38 -4451527.53
33 38 -684850.448
34 38 -3662526.07
35 38 -60761.1195
36 38 -681739.612
37 38 -107927.504
38 38 12952048.4
39 38 1949669.96
40 38 20696527
41 38 21441630.8
42 38 7237208.12
43 38 -117183.281
44 38 -6498770.18
45 38 -930093.965
46 38 -15730613.5
47 38 -21296244.8
48 38 -5912980.21
25 39 -379963.307
26 39 -328680.39
27 39 -339217.858
28 39 -189426.174
29 39 497238.971
30 39 507.483755
31 39 -399274.117
32 39 -684701.878
33 39 -666256.425
34 39 -553094.099
35 39 548354.632
36 39 -253.635184
37 39 900023.17
38 39 1949669.96
39 39 2009657.29
40 39 -4918594.37
41 39 21263204.8
42 39 -39006.4361
43 39 -122292.033
44 39 -932458.087
45 39 -1001609.48
46 39 5658120.84
47 39 -22309669.6
48 39 46250.0925
25 40 84879.011
26 40 -1304083.21
27 40 -190559.276
28 40 -1188604.69
29 40 2353.5858
30 40 -564176.029
31 40 61126.2716
32 40 -3663111.71
33 40 -553070.673
34 40 -3874332.22
35 40 -1482.28941
36 40 -751263.613
37 40 -21402624.5
38 40 20696527
39 40 -4918594.37
40 40 1.48858756e+10
41 40 5.04160051e+09
42 40 5.72770386e+09
43 40 21423300.1
44 40 -16233587.8
45 40 5674230.38
46 40 -1.48815809e+10
47 40 -5.04129261e+09
48 40 -5.72466636e+09
25 41 1098758.56
26 41 -88499.2784
27 41 495583.279
28 41 -1413.93301
29 41 -1191065.19
30 41 -202856.21
31 41 3265548.8
32 41 -55843.3325
33 41 549557.632
34 41 4359.37585
35 41 -3870038.43
36 41 -618405.658
37 41 47349483.5
38 41 21441630.8
39 41 21263204.8
40 41 5.04160051e+09
41 41 5.34674485e+10
42 41 7.1615465e+09
43 41 -50098197.5
44 41 -21522017.1
45 41 -21756963.1
46 41 -5.04934842e+09
47 41 -5.34639497e+10
48 41 -7.14357895e+09
25 42 242063.091
26 42 -635758.251
27 42 -352.971834
28 42 -565507.29
29 42 -201301.009
30 42 -313534.55
31 42 670614.336
32 42 -680625.683
33 42 -85.1028352
34 42 -749798.978
35 42 -618498.982
36 42 -713369.03
37 42 -3772701.15
38 42 7237208.12
39 42 -39006.4361
40 42 5.72770386e+09
41 42 7.1615465e+09
42 42 2.73284994e+09
43 42 3081028.27
44 42 -6120338.72
45 42 98687.4068
46 42 -5.72743893e+09
47 42 -7.16077601e+09
48 42 -2.72948954e+09
25 43 -1613810.22
26 43 139576.938
27 43 -378338.652
28 43 88054.8257
29 43 1099328.71
30 43 243420.788
31 43 -3671575.85
32 43 84013.6941
33 43 -400619.541
34 43 55054.6807
35 43 3264159.49
36 43 669797.78
37 43 -5260525.87
38 43 -117183.281
39 43 -122292.033
40 43 21423300.1
41 43 -50098197.5
42 43 3081028.27
43 43 10558148
44 43 -108300.456
45 43 898915.061
46 43 -21560719.6
47 43 45735587.9
48 43 -4008143.77
25 44 135581.018
26 44 -1988417.62
27 44 -330437.282
28 44 -1306143.54
29 44 -84728.7347
30 44 -635332.358
31 44 90862.7451
32 44 -4451006.53
33 44 -685173.185
34 44 -3662201.9
35 44 -60965.0009
36 44 -681677.149
37 44 -115577.731
38 44 -6498770.18
39 44 -932458.087
40 44 -16233587.8
41 44 -21522017.1
42 44 -6120338.72
43 44 -108300.456
44 44 12953512.7
45 44 1945863.86
46 44 21205608.3
47 44 21666387.7
48 44 7430039.35
25 45 -379909.386
26 45 -328074.507
27 45 -339046.114
28 45 -189047.954
29 45 497146.672
30 45 667.78687
31 45 -399210.882
32 45 -683369.786
33 45 -665921.858
34 45 -552002.109
35 45 548261.451
36 45 -77.1343634
37 45 -122149.185
38 45 -930093.965
39 45 -1001609.48
40 45 5674230.38
41 45 -21756963.1
42 45 98687.4068
43 45 898915.061
44 45 1945863.86
45 45 2007735.63
46 45 -4929902.07
47 45 20712176.3
48 45 -105668.096
25 46 84889.2064
26 46 -1303909.53
27 46 -190525.446
28 46 -1188452.45
29 46 2330.75
30 46 -564106.659
31 46 61526.9446
32 46 -3662488.67
33 46 -553117.506
34 46 -3873727.05
35 46 -1979.53662
36 46 -751173.76
37 46 21249958
38 46 -15730613.5
39 46 5658120.84
40 46 -1.48815809e+10
41 46 -5.04934842e+09
42 46 -5.72743893e+09
43 46 -21560719.6
44 46 21205608.3
45 46 -4929902.07
46 46 1.48874104e+10
47 46 5.04903784e+09
48 46 5.72702907e+09
25 47 1098478.26
26 47 -88322.4919
27 47 495482.53
28 47 -1267.4993
29 47 -1190773.12
30 47 -202738.106
31 47 3264710.33
32 47 -55262.6217
33 47 549542.474
34 47 4944.02278
35 47 -3869110.83
36 47 -618129.666
37 47 -51717355.2
38 47 -21296244.8
39 47 -22309669.6
40 47 -5.04129261e+09
41 47 -5.34639497e+10
42 47 -7.16077601e+09
43 47 45735587.9
44 47 21666387.7
45 47 20712176.3
46 47 5.04903784e+09
47 47 5.34705734e+10
48 47 7.14444615e+09
25 48 241564.686
26 48 -635594.52
27 48 -555.267131
28 48 -565397.517
29 48 -200779.16
30 48 -313389.172
31 48 669103.734
32 48 -680375.861
33 48 -276.096327
34 48 -749567.465
35 48 -616797.96
36 48 -712929.565
37 48 2876180.44
38 48 -5912980.21
39 48 46250.0925
40 48 -5.72466636e+09
41 48 -7.14357895e+09
42 48 -2.72948954e+09
43 48 -4008143.77
44 48 7430039.35
45 48 -105668.096
46 48 5.72702907e+09
47 48 7.14444615e+09
48 48 2.72818767e+09
